Epoch,TrainLoss,ValLoss,TrainMSE_Low,ValMSE_Low,TrainRMSE_Low,ValRMSE_Low,TrainMAE_Low,ValMAE_Low,TrainMAPE_Low,ValMAPE_Low,TrainR2_Low,ValR2_Low,TrainMSE_Open,ValMSE_Open,TrainRMSE_Open,ValRMSE_Open,TrainMAE_Open,ValMAE_Open,TrainMAPE_Open,ValMAPE_Open,TrainR2_Open,ValR2_Open,TrainMSE_Volume,ValMSE_Volume,TrainRMSE_Volume,ValRMSE_Volume,TrainMAE_Volume,ValMAE_Volume,TrainMAPE_Volume,ValMAPE_Volume,TrainR2_Volume,ValR2_Volume,TrainMSE_High,ValMSE_High,TrainRMSE_High,ValRMSE_High,TrainMAE_High,ValMAE_High,TrainMAPE_High,ValMAPE_High,TrainR2_High,ValR2_High,TrainMSE_Adjusted Close,ValMSE_Adjusted Close,TrainRMSE_Adjusted Close,ValRMSE_Adjusted Close,TrainMAE_Adjusted Close,ValMAE_Adjusted Close,TrainMAPE_Adjusted Close,ValMAPE_Adjusted Close,TrainR2_Adjusted Close,ValR2_Adjusted Close,TrainTime,ValTime
1,0.03743739946501203,0.004127911617979407,0.049791254,0.003292298,0.22313954,0.05737855,0.21176918,0.04834825,115.1042103767395,4.156716167926788,0.10612832586731946,0.33873926401659527,0.034420025,0.013544603,0.18552634,0.11638129,0.17147627,0.1115497,99.50631856918335,9.746092557907104,0.3820194581431078,-1.848202685781164,0.6618136,0.013665967,0.8135193,0.116901524,0.39812964,0.08974691,136.0916018486023,29.84250783920288,0.38688725050729267,-0.9106271512501711,0.0483686,0.005040349,0.21992862,0.07099541,0.20764032,0.06416912,113.20425271987915,5.517592281103134,0.13579421437992034,-0.13157992701305976,0.04394069,0.005735901,0.20962034,0.07573573,0.19692488,0.06819428,112.96278238296509,5.894555523991585,0.21329134848614517,-0.20277411852668048,0.815112829208374,0.010014057159423828
2,0.031131703997690916,0.0035237578296801074,0.017396605,0.0007332978,0.13189618,0.027079472,0.12562388,0.022021044,62.57773041725159,1.9362147897481918,0.6876894899299202,0.8527165589541099,0.023194304,0.0018601051,0.15229677,0.043128934,0.14917067,0.037985727,75.54691433906555,3.454778715968132,0.5835671600933215,0.6088511218459636,0.5236721,0.03132691,0.72365195,0.17699409,0.34063345,0.15958592,130.7160496711731,46.42162322998047,0.5148633254768593,-3.37978830515609,0.018018791,0.0004436222,0.13423409,0.02106234,0.1289444,0.01709818,64.95190858840942,1.4913012273609638,0.6780567699388116,0.9004049021235908,0.013234469,0.0008736444,0.11504116,0.029557476,0.10974775,0.024252202,58.1844687461853,2.112283557653427,0.7630517496062407,0.8168035037448163,0.8478765487670898,0.0
3,0.02696534004333673,0.0032427148398710415,0.00774633,0.0006389798,0.08801324,0.025278049,0.08394362,0.02066525,43.152451515197754,1.8146298825740814,0.8609349234249448,0.8716603950623552,0.004900455,0.0005009547,0.07000325,0.022382017,0.0665657,0.017874526,34.4928503036499,1.5570803545415401,0.9120167308850341,0.8946576390009572,0.41886404,0.029970923,0.64719707,0.17312112,0.30624992,0.15557376,153.52774858474731,45.05755603313446,0.6119589080289907,-3.1902097523688315,0.007701408,0.00038398145,0.08775767,0.019595444,0.08428016,0.015843613,42.742639780044556,1.3777857646346092,0.8623982982932259,0.9137945168952553,0.0066342223,0.0009323072,0.08145074,0.030533707,0.07730817,0.025493994,41.86624586582184,2.222130075097084,0.8812217228352518,0.8045023830772379,0.8021433353424072,0.0
4,0.024366680507828455,0.003594342194264755,0.0019493928,0.0005830002,0.04415193,0.024145396,0.03987135,0.019972011,17.732442915439606,1.7600387334823608,0.9650037503441302,0.8829039492580244,0.0019318042,0.0009665095,0.043952294,0.031088736,0.040474005,0.026514862,15.76206237077713,2.389069087803364,0.9653161915169901,0.7967592539065801,0.40582243,0.032682095,0.6370419,0.1807819,0.30165508,0.16408911,153.14714908599854,46.987515687942505,0.624040850397362,-3.5692561642750693,0.0015899542,0.0011229248,0.03987423,0.03351007,0.035565056,0.029229019,16.837073862552643,2.5377068668603897,0.9715921590353253,0.7478985178651708,0.0014855699,0.0005888924,0.03854309,0.024267105,0.034888815,0.019510586,15.906037390232086,1.7231078818440437,0.9734025443532711,0.8765138235499211,0.7826902866363525,0.0009126663208007812
5,0.023868085318064156,0.0032062290934845804,0.0007359913,0.0023817625,0.02712916,0.048803303,0.024046108,0.04457877,12.032846361398697,3.9086155593395233,0.9867872022370265,0.5216211248752656,0.00036453814,0.0038162512,0.019092882,0.061775815,0.016187787,0.059252556,8.05058404803276,5.210844054818153,0.9934550456131747,0.1975064136330188,0.39439473,0.02174968,0.62800854,0.14747773,0.30157354,0.12753518,154.1343092918396,38.00612390041351,0.6346276086302681,-2.0408046380250617,0.001962366,0.002019376,0.0442986,0.04493747,0.04055354,0.041613985,22.942839562892914,3.625689446926117,0.9649382445020539,0.5466413998706108,0.0011036297,0.00209522,0.033220924,0.045773573,0.030232448,0.041365027,16.49325340986252,3.617754578590393,0.9802407525611814,0.5606486001891884,0.81241774559021,0.0
6,0.023536616159847132,0.003307850507553667,0.0011376396,0.0005549595,0.033728912,0.02355758,0.03019369,0.019564975,13.197416067123413,1.7277654260396957,0.9795766564088015,0.8885359467025099,0.0014709315,0.0008172474,0.038352724,0.028587539,0.035712495,0.024050219,13.891550898551941,2.1662963554263115,0.9735907475638164,0.8281465961302942,0.38982543,0.03020751,0.62436,0.17380308,0.29529494,0.15674321,147.22589254379272,45.04087567329407,0.6388606740876221,-3.2232860163923736,0.001034483,0.001001239,0.032163378,0.031642362,0.02834293,0.02753286,12.677346169948578,2.3934897035360336,0.9815168092206074,0.7752175271240596,0.0010719129,0.00049754995,0.032740083,0.022305828,0.029490892,0.017538894,12.36177682876587,1.561612356454134,0.9808086054939442,0.895667624938588,0.8024520874023438,0.0
7,0.02315838375576383,0.003201419586548582,0.00061312126,0.0004749557,0.024761286,0.02179348,0.022683766,0.015874906,11.209660768508911,1.433824934065342,0.9889930118680453,0.9046047786860696,0.00026431517,0.00028317558,0.016257772,0.016827822,0.013926848,0.012430235,7.2866179049015045,1.108753401786089,0.9952544587688806,0.9404529254591115,0.3758034,0.030260421,0.61302805,0.17395523,0.29183185,0.1567022,149.87269639968872,44.95011270046234,0.651850826672939,-3.23068363274883,0.00062011165,0.0004813598,0.02490204,0.021939913,0.022687137,0.01793792,12.014926224946976,1.565331593155861,0.98892041413127,0.8919326502339533,0.0006240766,0.0005142834,0.024981525,0.022677818,0.021338578,0.017316768,12.16842383146286,1.5505850315093994,0.9888266110442191,0.8921587463121801,0.7997009754180908,0.0
8,0.022603527680084615,0.002832657506223768,0.0005858748,0.0009815274,0.02420485,0.031329338,0.021855058,0.027760781,11.543697863817215,2.4420926347374916,0.9894821512644658,0.8028594672917345,0.00068640365,0.00058943895,0.026199307,0.024278363,0.02335457,0.020717863,14.273685216903687,1.8196459859609604,0.9876762388635703,0.8760508833424189,0.367237,0.023364406,0.60600084,0.1528542,0.2907185,0.13328402,150.00420808792114,39.226317405700684,0.6597868389736112,-2.266557766824414,0.0005933777,0.001818264,0.024359345,0.042641107,0.02188823,0.03950457,12.81120479106903,3.4528281539678574,0.9893980721436879,0.5917918910372941,0.00042111296,0.0015729385,0.020521037,0.03966029,0.01813139,0.0351983,10.458093136548996,3.0881019309163094,0.9924604456412988,0.670166941819528,0.7847950458526611,0.01564192771911621
9,0.022474951144687616,0.00257919542491436,0.0013440414,0.0019354098,0.03666117,0.043993294,0.032543484,0.039927006,15.869615972042084,3.4955818206071854,0.9758712528220214,0.6112713964045153,0.0014541978,0.0008628168,0.038133945,0.029373745,0.034448482,0.025922915,16.65301024913788,2.2632135078310966,0.9738911849219035,0.8185641067496707,0.37158677,0.019578252,0.60957915,0.1399223,0.28992462,0.11876704,137.66305446624756,35.69059073925018,0.6557572076189988,-1.7372189551931965,0.001501585,0.0018337596,0.03875029,0.04282242,0.03444263,0.039610963,16.641664505004883,3.450861945748329,0.9731710592289068,0.5883130721911597,0.0014796319,0.001581716,0.038465984,0.039770793,0.034494992,0.035310287,17.057009041309357,3.084954246878624,0.9735088583479782,0.6683263871253684,0.7897474765777588,0.010010957717895508
10,0.02271125444382863,0.0021303878107573836,0.0013340069,0.0004376103,0.036524057,0.020919137,0.033024266,0.016143357,13.728319108486176,1.4416528865695,0.9760513959258711,0.9121056228935429,0.00059756037,0.0006503069,0.024445048,0.025501115,0.021460624,0.021966897,9.737301617860794,1.9209984689950943,0.9892713413671054,0.8632513773688371,0.3672826,0.018424168,0.60603845,0.13573566,0.28758898,0.11382474,135.07601022720337,34.46712791919708,0.6597446089581516,-1.5758674194822695,0.0011398011,0.00055746175,0.03376094,0.023610627,0.030401465,0.019621082,13.35446983575821,1.7050890251994133,0.9796350796464641,0.8748474370385553,0.0008901321,0.0012343291,0.029835083,0.03513302,0.026455522,0.030598791,12.260053306818008,2.6759104803204536,0.9840631862602112,0.7411707399794507,0.7442183494567871,0.0
11,0.02247573190212738,0.0027039022126700727,0.00019600133,0.0018876208,0.014000048,0.043446757,0.011122744,0.039689336,4.629293456673622,3.4873362630605698,0.9964813089009656,0.6208698801709338,0.00016041537,0.0007728874,0.012665519,0.027800852,0.010616587,0.024575222,4.568960145115852,2.155884727835655,0.9971198866042128,0.8374747503539983,0.3675259,0.020829167,0.60623914,0.14432314,0.28579974,0.122953504,132.42615461349487,36.720386147499084,0.6595192143844841,-1.9121082877187359,0.0002081084,0.0017939585,0.014425962,0.042355146,0.01205782,0.039315365,5.196748301386833,3.4360941499471664,0.9962817101820288,0.597248620362324,0.00020119891,0.0017553883,0.01418446,0.041897357,0.0116342455,0.037652314,4.789813235402107,3.299284726381302,0.9963977598045981,0.6319086519373626,0.7536227703094482,0.015649080276489258
12,0.022357753245159984,0.0027562242932617663,0.00042352098,0.0012503588,0.020579625,0.03536041,0.018421544,0.031767804,8.829662203788757,2.7895981445908546,0.9923967890139465,0.7488644470634375,0.00029715875,0.002445172,0.017238293,0.04944868,0.015064129,0.04689534,7.032813131809235,4.1186608374118805,0.994664782052008,0.4858213743129224,0.36419293,0.02140673,0.603484,0.14631039,0.284591,0.12491612,132.5092315673828,37.21494376659393,0.6626069033406394,-1.9928568926947672,0.00052303,0.0010803528,0.02286985,0.03286872,0.020606399,0.029254267,10.07990837097168,2.5495002046227455,0.9906549798288176,0.7574561528848616,0.0006355697,0.0013796284,0.025210507,0.03714335,0.022460815,0.032722224,10.493412613868713,2.862786687910557,0.9886208403431499,0.7107025753328637,0.7580969333648682,0.0005495548248291016
13,0.02212564553726392,0.0021292753604939207,0.00039017326,0.0004385659,0.019752804,0.020941965,0.017584685,0.016083373,7.558237016201019,1.440418604761362,0.9929954603455694,0.9119136902422134,0.0003794964,0.0002663977,0.019480668,0.016321694,0.01789292,0.012044363,8.080656081438065,1.0720615275204182,0.9931864829456007,0.9439810321682128,0.35450062,0.019509858,0.59539956,0.13967769,0.28228542,0.11692461,134.5178484916687,35.280582308769226,0.6715860375788782,-1.7276565021322643,0.00048538257,0.00033732032,0.0220314,0.018366283,0.020558478,0.014538075,9.312427043914795,1.2899518013000488,0.9913276290224574,0.924270134217512,0.00053119037,0.0007406139,0.023047568,0.027214222,0.020552073,0.02076042,7.649239897727966,1.8702197819948196,0.990489634227546,0.8446989852302739,0.7700390815734863,0.010036468505859375
14,0.022058928136722843,0.00292129127192311,0.00013330308,0.0005986066,0.011545695,0.024466438,0.008883484,0.020824015,4.654870554804802,1.8467631191015244,0.9976068919753147,0.8797693955366137,0.00015287344,0.0002639746,0.0123642,0.016247295,0.0093881935,0.011665028,6.049181520938873,1.0433418676257133,0.9972552946223928,0.9444905709544862,0.36525467,0.027380375,0.604363,0.16547017,0.281275,0.14565334,128.23232412338257,42.34384894371033,0.6616233239929689,-2.828026892270633,0.00017477502,0.00028885365,0.013220251,0.016995694,0.010275495,0.013235833,6.2402065843343735,1.1698241345584393,0.9968772803250538,0.9351511135461428,0.0002670139,0.0006811046,0.01634056,0.026097981,0.01354026,0.021506624,8.091020584106445,1.901380717754364,0.995219416373764,0.8571776452738995,0.7724175453186035,0.006996870040893555
15,0.021868291459593344,0.002313413078081794,0.0004357476,0.0008940381,0.02087457,0.02990047,0.018442677,0.022982135,7.181783765554428,2.0862996578216553,0.9921772922649519,0.8204317414217214,0.00026651204,0.0007089053,0.016325196,0.026625276,0.013713098,0.0220156,6.585605442523956,1.9744602963328362,0.9952150157177386,0.8509291140831843,0.36678344,0.020409672,0.60562646,0.14286242,0.28315076,0.119955406,126.72854661941528,36.143895983695984,0.6602070353881899,-1.8534590258908397,0.0002795267,0.00039305395,0.016719053,0.019825589,0.014577254,0.015915323,5.6146081537008286,1.4106906950473785,0.9950056735942534,0.9117576957709572,0.0005456229,0.0007284618,0.023358572,0.026990032,0.021042872,0.020555682,8.56625959277153,1.8510306254029274,0.9902312366864623,0.8472471953955443,0.7730712890625,0.0
16,0.021688164697815347,0.002389300297363661,0.0007327369,0.0004539283,0.027069114,0.021305593,0.022580931,0.015468274,15.408658981323242,1.3964558951556683,0.9868456277348862,0.9088281405636707,0.00061312504,0.000267881,0.024761362,0.01636707,0.019882197,0.012205056,14.214383065700531,1.0866574943065643,0.9889918912106649,0.9436691219265123,0.35093445,0.022389244,0.5923972,0.14963035,0.27681524,0.1276546,127.84621715545654,37.99390196800232,0.6748897861340879,-2.130221335666757,0.00058133755,0.00026448254,0.024110943,0.016262919,0.020075295,0.012747012,13.297617435455322,1.12574128434062,0.989613193840028,0.940622529004895,0.00072754774,0.00051746675,0.026973093,0.022747895,0.023384979,0.01784336,15.092793107032776,1.5901684761047363,0.9869740765293202,0.8914912253359432,0.7676694393157959,0.015685081481933594
17,0.021817846037786526,0.002432130672968924,0.00028019326,0.0015065954,0.016738974,0.038814887,0.01247743,0.035288744,7.0206910371780396,3.1035294756293297,0.9949698633999895,0.6973991045723855,0.00021269504,0.0007119668,0.014584068,0.026682705,0.010699458,0.023651784,6.549689918756485,2.0779669284820557,0.9961812521451089,0.8502853382223428,0.3564759,0.020247629,0.59705603,0.14229417,0.27901042,0.11923489,127.28821039199829,36.01870834827423,0.6697560961279878,-1.8308038713394557,0.0002646393,0.00030401966,0.016267737,0.01743616,0.013585873,0.0138327945,6.859207898378372,1.2144031934440136,0.9952716676405506,0.9317462797569063,0.0002811175,0.001551096,0.01676656,0.039383955,0.014480228,0.03512183,7.14792013168335,3.079902194440365,0.994966907667579,0.6747471747548768,0.7615432739257812,0.0
18,0.02183821496047369,0.002251317061018199,0.0011677984,0.0014476973,0.034173064,0.038048618,0.030522235,0.034362692,14.833144843578339,3.0098184943199158,0.9790352355182299,0.7092288629193029,0.0010058895,0.0005493668,0.031715762,0.023438575,0.028847363,0.020075455,13.727766275405884,1.755402609705925,0.9819401606261934,0.8844773820853084,0.35394037,0.018842544,0.59492886,0.13726814,0.2779193,0.11381625,125.16162395477295,34.7073495388031,0.6721050219164402,-1.6343600839466377,0.00070940686,0.00047716728,0.026634693,0.02184416,0.023971412,0.018000565,10.705894231796265,1.5670258551836014,0.9873249698958135,0.8928738959364493,0.0009419788,0.0011963947,0.030691674,0.03458894,0.027481737,0.030148115,13.116572797298431,2.637483924627304,0.9831349305057506,0.7491252749914992,0.8013331890106201,0.0
19,0.021603727653889366,0.001727068339823745,0.00037834124,0.0005403257,0.019450996,0.023244908,0.016793229,0.016538003,6.824807822704315,1.5041299164295197,0.9932078737323625,0.8914751472739106,0.00030118006,0.00027281189,0.01735454,0.016517019,0.013339097,0.012548444,9.001976996660233,1.1119636707007885,0.9945925828799637,0.9426322366393367,0.363732,0.015363747,0.60310197,0.123950586,0.28031477,0.09919834,123.31620454788208,31.19468092918396,0.6630339055051033,-1.147992328381282,0.00038679744,0.0005050236,0.019667167,0.02247273,0.01668988,0.01860759,8.826909959316254,1.6488464549183846,0.9930890583900868,0.8866200343339863,0.00024390112,0.0005887758,0.015617333,0.024264703,0.011754627,0.019622589,7.939592748880386,1.7352612689137459,0.9956332251451451,0.8765382721257402,0.7745800018310547,0.0
20,0.021922641983074906,0.0013603768078610302,0.00066317467,0.00048408587,0.025752177,0.022001952,0.018923562,0.015620406,14.83512818813324,1.414360012859106,0.9880944338174328,0.9027709708431806,0.00044029063,0.0002547091,0.020983104,0.015959607,0.015394077,0.011469151,12.004237622022629,1.024943497031927,0.9920949780374497,0.9464389472279667,0.35845754,0.0119118905,0.5987132,0.10914161,0.27923396,0.08289984,122.80162572860718,27.138236165046692,0.6679202842383887,-0.6653913102032889,0.00033363016,0.00030377856,0.018265545,0.017429244,0.015095003,0.013725316,10.024108737707138,1.209545973688364,0.9940390022819132,0.9318003995960459,0.00026354185,0.000649304,0.016233971,0.025481444,0.012664939,0.020859826,8.49216878414154,1.8461469560861588,0.9952815798027329,0.8638459675930726,0.7578465938568115,0.0
21,0.02157543627974731,0.0017836988641647621,0.00090306427,0.00041842513,0.030051028,0.020455442,0.02474791,0.015499839,13.48184198141098,1.3908226042985916,0.9837878450966223,0.9159589865304433,0.0007700221,0.00055083766,0.027749272,0.02346993,0.019924115,0.020317987,13.047394156455994,1.7819415777921677,0.9861749465425552,0.8841680935899224,0.35468188,0.016008383,0.5955517,0.12652424,0.27688357,0.10178159,125.74520111083984,31.906238198280334,0.6714180963178256,-1.2381184166945167,0.0008039157,0.0003361635,0.028353408,0.018334761,0.022696638,0.014739438,13.07608187198639,1.289044413715601,0.9856363721257378,0.9245298445646052,0.00084995845,0.00052317977,0.029154047,0.022873124,0.02252825,0.018258046,13.854734599590302,1.617445982992649,0.9847824510463793,0.8902932481351449,0.7676632404327393,0.005997180938720703
22,0.021540366560198112,0.0022606065904255956,0.0003533948,0.0011069347,0.018798798,0.033270627,0.013126629,0.029983345,9.768328815698624,2.64047272503376,0.9936557212131617,0.7776712793776639,0.00059225515,0.0011254204,0.024336293,0.033547286,0.016010715,0.031043401,13.078945875167847,2.729634940624237,0.9893665915952905,0.7633429733491597,0.3541187,0.017270971,0.59507877,0.13141906,0.276312,0.10751215,127.68340110778809,33.359527587890625,0.671939840611945,-1.4146397693709396,0.00046329503,0.002396875,0.02152429,0.04895789,0.016893225,0.046558134,10.626289993524551,4.080349951982498,0.9917222695376623,0.4618912491161612,0.0005134031,0.0007058666,0.0226584,0.02656815,0.015569453,0.02197748,12.103641778230667,1.9373353570699692,0.9908080949289626,0.851985228432624,0.9527945518493652,0.01566791534423828
23,0.02162995273123034,0.0024064404715318233,0.0018356277,0.00054301287,0.042844225,0.023302637,0.037109826,0.019525547,18.894098699092865,1.7223486676812172,0.967046106723256,0.8909354420144703,0.0023005812,0.00049538934,0.047964375,0.022257343,0.042860772,0.01872121,20.57178169488907,1.6310442239046097,0.9586951326421984,0.8958279327354798,0.36143678,0.021396657,0.6011961,0.14627597,0.27724618,0.124766655,126.59428119659424,37.6210480928421,0.6651602415249076,-1.9914484211378363,0.0021192844,0.00088088244,0.046035685,0.029679663,0.041256648,0.025906406,19.49523240327835,2.2451967000961304,0.9621345721698427,0.8022381137722944,0.0015967496,0.00074846245,0.03995935,0.027358042,0.034584813,0.022804301,17.354092001914978,1.9987009465694427,0.9714119966133568,0.843053206169117,0.8214542865753174,0.0
24,0.021624236403810747,0.0018431420845445245,0.0008421535,0.00041284555,0.029019881,0.020318601,0.020194588,0.015042873,16.147249937057495,1.3533600606024265,0.9848813381048398,0.9170796475421534,0.00038155552,0.00049943675,0.019533446,0.022348082,0.015479215,0.017369352,9.893309324979782,1.563502475619316,0.993149514081998,0.8949768342039556,0.3494429,0.01680294,0.59113693,0.12962615,0.27321813,0.10581732,127.81102657318115,33.004239201545715,0.6762715393489601,-1.3492051184351825,0.00058152806,0.0002326512,0.024114894,0.015252908,0.017581275,0.011666296,13.396641612052917,1.0318513959646225,0.9896097903784397,0.9477688045810669,0.00054951664,0.0004835468,0.023441771,0.021989698,0.017027983,0.01638412,12.548068165779114,1.470778975635767,0.9901615222878197,0.8986039753370062,0.7547214031219482,0.0
25,0.02145508763400693,0.0020408030366525056,0.0018727464,0.0018313818,0.04327524,0.04279465,0.034823783,0.039005414,21.131493151187897,3.4146949648857117,0.9663797405764849,0.6321654817695241,0.0013191379,0.0013850267,0.036319938,0.037215948,0.029433124,0.03456448,17.660412192344666,3.025285340845585,0.9763160685763271,0.7087520838587863,0.34790802,0.013165823,0.58983725,0.11474242,0.27408388,0.08901157,124.73047971725464,28.832513093948364,0.6776934594956103,-0.8407025115828843,0.0011683188,0.0025935692,0.03418068,0.0509271,0.027565818,0.04846842,16.391435265541077,4.232606664299965,0.979125553902267,0.4177325367097495,0.0016912299,0.0014322288,0.041124564,0.0378448,0.033514027,0.03362442,19.99424695968628,2.937350422143936,0.969720434840326,0.699672708547967,0.8076426982879639,0.0
26,0.021345985761179038,0.0019673879141919315,0.0014618592,0.000628465,0.038234267,0.025069203,0.030395502,0.021650871,20.557910203933716,1.9055888056755066,0.9737561427653362,0.8737723148810196,0.0010169209,0.0011920906,0.031889196,0.034526665,0.025860216,0.03180102,16.706398129463196,2.7815451845526695,0.9817420990056561,0.7493233627918486,0.35121813,0.015681148,0.5926366,0.12522438,0.27433747,0.10075327,130.06671667099,31.80902898311615,0.674626960234943,-1.192368110530511,0.0012366325,0.00065111317,0.035165787,0.02551692,0.028758632,0.021793956,18.134748935699463,1.892339065670967,0.9779049874119011,0.8538222905746389,0.00092453964,0.0015210627,0.030406244,0.039000805,0.025598515,0.034796044,14.971178770065308,3.040151298046112,0.9834471591941929,0.6810448956261965,0.7397348880767822,0.01675891876220703
27,0.021479835690821982,0.0009306634194217623,0.0007296232,0.0005429699,0.027011538,0.023301715,0.023708202,0.019526526,11.225524544715881,1.728747971355915,0.9869015244628335,0.8909440561006081,0.00074447773,0.00054713007,0.02728512,0.023390811,0.023807524,0.020184152,11.483216285705566,1.765858568251133,0.9866335716567168,0.8849477308723002,0.3137232,0.006548804,0.56011,0.08092468,0.2691035,0.054832276,128.6879539489746,19.538338482379913,0.7093627700573344,0.08441721101702171,0.0005199492,0.0011294261,0.022802394,0.033606935,0.019841993,0.030337915,9.506537765264511,2.6436107233166695,0.9907100249385598,0.7464389949781552,0.0007637592,0.000538304,0.027636193,0.023201378,0.024487505,0.01852495,10.841402411460876,1.6411149874329567,0.9863257519227878,0.8871218197837799,0.8103756904602051,0.0
28,0.021092633611649203,0.0008127517154207453,0.0012964332,0.0008793586,0.036006015,0.029653981,0.03328005,0.022472491,13.326673209667206,2.049628272652626,0.9767259353045726,0.8233801284908249,0.0011728774,0.00026596725,0.034247298,0.016308501,0.03149558,0.011508462,12.848205864429474,1.0335284285247326,0.97894204012104,0.9440715490268946,0.3113508,0.006147667,0.55798817,0.07840706,0.26959717,0.05292981,131.92092180252075,18.87843608856201,0.7115605839014063,0.14049979235547483,0.0013733704,0.00025554662,0.037059013,0.015985826,0.03436506,0.012218867,13.736075162887573,1.0879005305469036,0.9754618775595051,0.942628680852395,0.0009379057,0.0005789768,0.030625246,0.024061937,0.027737498,0.017596712,11.085345596075058,1.5893714502453804,0.9832078534013211,0.8785930374742147,0.805903434753418,0.0
29,0.0207854744862964,0.0010648581373970956,0.0008627457,0.0010457425,0.029372532,0.03233794,0.026774328,0.0255228,11.002622544765472,2.3188594728708267,0.9845116582397637,0.7899617689685979,0.0006925787,0.0006836362,0.026316889,0.026146438,0.024012579,0.021461774,9.7048819065094,1.9321324303746223,0.9875653728781544,0.8562427764306728,0.3110216,0.007526476,0.5576931,0.08675527,0.26652414,0.059866037,130.91715574264526,21.186354756355286,0.7118655225493786,-0.052270255976505586,0.00089293363,0.00060964376,0.029881995,0.024690965,0.02757961,0.020929607,10.51366925239563,1.8592258915305138,0.9840458814185365,0.8631323543516688,0.0010024717,0.00078308297,0.031661835,0.027983619,0.029065477,0.021310069,11.245328933000565,1.9248180091381073,0.9820518746401846,0.8357935503445136,0.7832851409912109,0.01565718650817871
30,0.020791371154612454,0.0010091230360558257,0.00046170602,0.0004424216,0.021487346,0.02103382,0.018811332,0.016103035,8.7015300989151,1.4433551579713821,0.9917112761913356,0.9111392735588556,0.0003393561,0.0003720058,0.01842162,0.019287452,0.01609718,0.015841514,7.467015087604523,1.393753569573164,0.9939071658071041,0.9217734211410608,0.3129941,0.008102638,0.55945873,0.09001465,0.26685476,0.0628904,132.02528953552246,22.083036601543427,0.7100382168155512,-0.13282285139806493,0.00034953532,0.00024751152,0.018695863,0.015732499,0.016587257,0.012144392,7.30949193239212,1.0692523792386055,0.9937548235432171,0.944432595348197,0.00025219237,0.0009266546,0.015880566,0.030441003,0.013297861,0.026051067,6.164036318659782,2.288423106074333,0.9954847796171603,0.8056876969753373,0.7872786521911621,0.0
31,0.020946091997722002,0.0011227448005229235,0.0014027373,0.0006666368,0.037453134,0.02581931,0.03466554,0.018546894,13.955821096897125,1.6956355422735214,0.9748175216030058,0.8661054716815486,0.0013983165,0.00033803476,0.03739407,0.018385721,0.035096113,0.012925527,14.359524846076965,1.1725417338311672,0.9748944847522721,0.9289169678848825,0.3122885,0.00942892,0.55882776,0.09710263,0.2659966,0.07009286,131.33145570755005,24.048328399658203,0.7106918651063895,-0.3182492497565448,0.0013391015,0.00027443343,0.036593735,0.016566033,0.033995945,0.01306365,14.463584125041962,1.1431734077632427,0.9760741633957999,0.9383885084343089,0.0018726103,0.0005194227,0.04327367,0.022790847,0.040511906,0.016847406,16.927669942378998,1.5167166478931904,0.9664730183986939,0.8910810794164437,0.7759814262390137,0.0
32,0.02067859569119145,0.001106559723848477,0.0012426754,0.0011471717,0.035251603,0.033869922,0.033265363,0.027086854,14.47073221206665,2.461490221321583,0.9776910166533143,0.7695896355968292,0.0011371723,0.00047331429,0.033721987,0.021755787,0.03207699,0.016316354,14.191766083240509,1.4779034070670605,0.9795830950548792,0.9004699510138572,0.31642437,0.008237152,0.5625161,0.090758756,0.26784593,0.06358323,130.9842824935913,22.30132818222046,0.7068603366922461,-0.15162937569676527,0.0015612503,0.00047140825,0.03951266,0.021711938,0.03761359,0.017695984,17.65791028738022,1.57727412879467,0.9721050121679508,0.8941668174265633,0.0011170736,0.00073655054,0.03342265,0.027139464,0.030886892,0.020398783,14.056575298309326,1.8428677693009377,0.980000055277289,0.8455510397141699,0.773468017578125,0.0
33,0.020762090687074887,0.0012510619300883264,0.00073206023,0.00081683457,0.027056612,0.028580317,0.023499416,0.025198298,13.38994950056076,2.219849079847336,0.9868577736510769,0.8359381213560577,0.00088589115,0.00063288736,0.029763924,0.025157252,0.025701817,0.022007627,15.520240366458893,1.929384097456932,0.9840946219369451,0.8669144141643503,0.31242242,0.009029836,0.5589476,0.09502545,0.26823395,0.06778097,130.67214488983154,23.43687117099762,0.7105678106119684,-0.2624537968036511,0.0010381727,0.0010643473,0.032220688,0.032624338,0.027536623,0.029283024,16.723962128162384,2.552253380417824,0.9814508834205655,0.7610494351993802,0.000967497,0.00096671365,0.031104613,0.03109202,0.027421474,0.026678432,15.916915237903595,2.3404808714985847,0.9826780560779321,0.7972876234892078,0.7857046127319336,0.010017156600952148
34,0.02059270880237059,0.001349901163484901,0.0023316743,0.0013984765,0.048287414,0.03739621,0.04469897,0.0315064,18.544796109199524,2.8642335906624794,0.9581408876653406,0.719114879946728,0.0017102299,0.0006400218,0.041354924,0.025298653,0.03822364,0.020527834,15.324406325817108,1.859966479241848,0.9692943583265389,0.8654141541803274,0.31111935,0.009934499,0.55778074,0.09967196,0.26740152,0.07262407,130.2080512046814,24.72050040960312,0.7117749953957944,-0.38893384672924336,0.0018365163,0.0005315098,0.042854596,0.023054497,0.03960679,0.019161597,15.662024915218353,1.7126711085438728,0.9671868137899465,0.8806737695766251,0.0018587497,0.0009945047,0.04311322,0.031535767,0.039654117,0.02514637,16.042540967464447,2.2743310779333115,0.9667211802716473,0.7914600702338555,0.7948429584503174,0.0
35,0.020452516860988677,0.0010158921650145203,0.0002999658,0.00048302344,0.017319521,0.021977793,0.014509074,0.017822918,7.717766612768173,1.5853770077228546,0.9946148996705715,0.9029843483394734,0.0002752131,0.00043729792,0.016589548,0.02091167,0.014051315,0.01746095,6.403947621583939,1.5305427834391594,0.9950587967561539,0.9080435889569024,0.29452926,0.008083978,0.5427055,0.08991095,0.26605585,0.0629626,135.98456382751465,22.068746387958527,0.7271442910375363,-0.13021412354479867,0.0002352847,0.0005749482,0.015338993,0.023978077,0.012730098,0.020295892,6.503593921661377,1.7667796462774277,0.9957961492288444,0.8709216507221729,0.00029997548,0.00057967426,0.0173198,0.024076425,0.0144058345,0.019506922,6.733179837465286,1.7246127128601074,0.9946292768676536,0.878446790736921,0.7855210304260254,0.0
36,0.02061894202991434,0.0010870155063457787,0.00019166715,0.00080669735,0.01384439,0.028402418,0.01005766,0.02514477,6.65576234459877,2.2186174988746643,0.9965591178808024,0.8379741985418862,0.00013646242,0.00065170444,0.011681713,0.025528502,0.0086347535,0.022541475,5.656898766756058,1.9810667261481285,0.9975499400184852,0.8629574995823224,0.29811928,0.0063603884,0.546003,0.07975204,0.26145133,0.05366815,134.14267301559448,19.306668639183044,0.7238184087759856,0.11075953500214941,0.0001539506,0.001533084,0.012407683,0.039154615,0.009220661,0.036178026,5.096488818526268,3.1617421656847,0.997249352141988,0.6558160563914737,0.00021557193,0.0015182818,0.014682367,0.038965136,0.010746048,0.03475464,6.860863417387009,3.049759566783905,0.9961404274563783,0.6816280193554206,0.7788538932800293,0.0
37,0.020336346985609495,0.0008255972381448374,0.00030156894,0.00044273376,0.01736574,0.021041239,0.01286612,0.015663493,8.382432907819748,1.4095391146838665,0.9945861186359397,0.9110765695396994,0.00020931964,0.00029664274,0.014467883,0.017223319,0.011038253,0.013387396,6.75315260887146,1.1841782368719578,0.9962418540051093,0.9376210080563316,0.2944711,0.006521266,0.54265195,0.080754355,0.2599547,0.054450694,136.053729057312,19.57751214504242,0.7271981069422127,0.08826733280114663,0.00023153688,0.00042098574,0.015216336,0.020517938,0.011769836,0.01685681,7.11236372590065,1.4724847860634327,0.9958631113994298,0.9054868865316532,0.0003738608,0.00057434366,0.01933548,0.023965469,0.014710984,0.019427639,8.994142711162567,1.718834787607193,0.9933064436236928,0.8795645774394933,0.8081817626953125,0.0
